2477 2381
1286 2392
2588 2256
10621 701
10629 2201
1466 2308
2454 2349
1714 1563
2555 2425
2087 559
10330 1407
2190 2903
2562 2339
2685 1986
1657 2495
1707 2246
2186 2902
2764 2852
1411 763
1535 1225
10707 1446
10521 472
2105 548
2739 2827
2060 493
10498 1506
10398 1480
10454 1340
2178 2892
2375 1544
2516 2315
1207 112
1551 1980
2507 2312
2928 154
2334 2186
2514 2317
10603 1526
10455 151
1491 1170
2389 1543
10226 2099
2552 2420
1807 1844
1034 1490
2216 2925
1105 656
2364 2230
10636 2889
1553 442
10058 2877
1227 123
1109 671
2228 2920
2080 2071
2535 2332
1736 2380
2117 2101
1043 2909
10605 2289
2401 1629
1865 323
1865 323
1634 1334
1634 1334
2657 2655
1141 11
10062 1519
10062 1519
2324 2381
10181 2943
10694 547
1236 2348
2095 557
1954 398
1080 592
1025 2894
1203 103
1143 19
2378 1551
1042 2908
2226 2935
10701 
10341 232
10608 169
1666 2481
10052 1509
2426 1649
2134 2330
10054 699
2288 2154
10748 2866
10714 467
1436 743
10614 654
1140 9
1845 1865
2297 641
10661 1733
1729 2682
1729 2682
1190 91
1747 182
2325 2826
10336 1303
1433 742
1088 2149
1069 755
2211 2031
1748 199
1045 2911
2717 2772
1458 756
10453 1402
2184 2285
10553 2874
1740 184
1133 2206
2217 1520
1166 51
10616 1466
1454 2285
1334 2311
2619 2304
10422 1473
10433 199
2543 2408
1007 1455
2638 2632
2879 1082
1067 1530
2350 2221
2116 530
1218 130
2125 2094
2063 2055
1100 627
1724 2287
2200 1494
2256 2131
10002 2460
2611 2283
1032 2901
2173 2878
2554 2423
2731 2785
1139 6
1447 747
1038 1451
1316 2314
10344 289
10344 289
1361 516
2111 2110
2114 2115
2082 2078
2300 47
2222 2924
1577 437
1728 1579
1059 1520
10659 170
10464 1485
1427 738
1014 1498
10173 1489
2452 2268
2168 2875
2002 1999
2086 539
1327 936
2451 2294
2198 1502
10561 2921
2610 2270
1583 446
1296 670
10076 2872
1578 1580
1165 1620
10023 2480
2326 680
2525 2328
2450 2295
1280 878
1446 748
2580 2825
2220 1525
1202 81
1422 728
1191 97
1015 2876
2182 2895
1155 
10565 2888
1681 2840
1283 882
1040 1492
2877 1100
2307 1659
10421 1403
2444 1690
1079 2121
2138 578
1124 625
1021 1471
1110 651
1456 754
10352 1477
1549 429
1414 735
1237 829
1719 1567
1072 1504
2712 1333
2180 2933
2596 2263
2301 2183
2349 2216
1448 737
10542 759
1767 1778
1445 2265
2427 1436
10368 676
1101 2169
10298 1512
2706 2729
1708 46
2262 2250
2252 2175
1457 757
2090 2086
1759 1772
10611 600
10140 2021
1324 2312
10600 1386
2091 521
1384 2339
10595 631
2296 2176
2103 562
2169 1464
2248 2309
2284 2137
10021 997
1075 1513
2923 2639
1480 2698
2320 2195
1206 113
10607 1495
2515 797
1022 1472
10394 1481
2221 1523
2478 2382
1392 2452
2232 2938
10124 2116
1052 1521
1024 1479
10465 677
2718 2774
1732 1667
10617 1667
2281 2170
2271 2152
10687 616
10623 746
2299 1653
2304 1628
10718 473
1066 463
1716 1674
1643 1401
1725 2269
10727 152
1410 762
2265 604
2906 1124
10749 2887
10696 
2467 2366
2235 2257
10564 2894
10564 2894
10564 2894
10564 2894
1131 708
1983 447
10575 2907
1452 2290
10428 1468
2319 2788
10328 1329
2263 2125
2083 536
1727 1548
2494 2386
1730 2682
2447 1701
2513 2318
2199 1501
2670 2701
2361 1562
10567 
2258 2388
1862 1871
2366 2239
2726 1360
1005 2862
10569 2906
1556 446
1721 908
2930 2180
10675 1507
10572 1454
2679 1972
10750 2919
1085 606
2716 2770
10289 732
1722 2419
1019 1470
10156 1453
10674 1496
10713 758
2197 1500
1209 118
10085 2775
10460 160
1188 84
10560 2891
1455 756
1209 118
2293 2409
10691 687
10414 690
2403 45
10676 736
2285 2145
1993 1994
1995 1980
10559 1726
2268 2259
2214 1516
10126 154
